System Description            : Nb, bcc structure                               
Number of Atoms in Unit Cell  : 1                                               
Number of Atomic Species      : 1                                               
Number of Atoms in Each Type  : 1(Nb)                                           
Energy Offset                 : -7502                                           
=======================================================================================
    Iter     Energy      3PV     Efermi   Rms_rho    Rms_pot   Mix  Alg  Alpha 
---------------------------------------------------------------------------------------
**       1  -0.944716   0.25067  0.77417  0.291E-03  0.214E-04  pot  B   0.1000
         2  -0.944709   0.24881  0.77419  0.606E-06  0.198E-04  pot  B   0.1000
         3  -0.944718   0.23631  0.77431  0.136E-05  0.593E-05  pot  B   0.1000
         4  -0.944716   0.23782  0.77431  0.227E-06  0.407E-05  pot  B   0.1000
         5  -0.944717   0.24022  0.77432  0.279E-06  0.358E-05  pot  B   0.1000
         6  -0.944716   0.24043  0.77432  0.290E-07  0.310E-05  pot  B   0.1000
         7  -0.944716   0.24094  0.77430  0.899E-07  0.102E-05  pot  B   0.1000
         8  -0.944716   0.24110  0.77430  0.246E-07  0.444E-06  pot  B   0.1000
         9  -0.944715   0.24113  0.77430  0.709E-08  0.334E-06  pot  B   0.1000
        10  -0.944715   0.24113  0.77430  0.968E-09  0.306E-06  pot  B   0.1000
        11  -0.944715   0.24120  0.77430  0.150E-07  0.591E-07  pot  B   0.1000
        12  -0.944715   0.24121  0.77430  0.237E-08  0.380E-07  pot  B   0.1000
        13  -0.944715   0.24121  0.77430  0.122E-08  0.487E-07  pot  B   0.1000
        14  -0.944715   0.24120  0.77430  0.148E-08  0.350E-07  pot  B   0.1000
        15  -0.944715   0.24120  0.77430  0.240E-09  0.460E-07  pot  B   0.1000
**      16  -0.944716   0.24120  0.77430  0.291E-03  0.395E-05  pot  B   0.1000
        17  -0.944716   0.24120  0.77430  0.815E-09  0.355E-05  pot  B   0.1000
        18  -0.944716   0.24119  0.77430  0.693E-08  0.717E-07  pot  B   0.1000
        19  -0.944716   0.24119  0.77430  0.524E-09  0.605E-07  pot  B   0.1000
**      20  -0.949891   0.22492  0.77426  0.234E-03  0.548E-02  pot  S   0.1000
        21  -0.944201   0.35269  0.77161  0.157E-03  0.716E-03  pot  S   0.1000
        22  -0.944276   0.32294  0.77267  0.606E-05  0.601E-03  pot  S   0.1000
        23  -0.944306   0.30136  0.77313  0.369E-05  0.512E-03  pot  S   0.1000
        24  -0.944339   0.28535  0.77356  0.294E-05  0.437E-03  pot  S   0.1000
        25  -0.944364   0.27355  0.77391  0.241E-05  0.375E-03  pot  S   0.1000
        26  -0.944384   0.26494  0.77421  0.200E-05  0.321E-03  pot  S   0.1000
        27  -0.944399   0.25875  0.77446  0.168E-05  0.276E-03  pot  S   0.1000
        28  -0.944411   0.25440  0.77468  0.142E-05  0.238E-03  pot  S   0.1000
        29  -0.944420   0.25142  0.77485  0.120E-05  0.205E-03  pot  S   0.1000
        30  -0.944427   0.24945  0.77500  0.102E-05  0.177E-03  pot  S   0.1000
        31  -0.944432   0.24824  0.77513  0.876E-06  0.153E-03  pot  S   0.1000
        32  -0.944437   0.24757  0.77524  0.752E-06  0.133E-03  pot  S   0.1000
        33  -0.944440   0.24728  0.77533  0.648E-06  0.115E-03  pot  S   0.1000
        34  -0.944442   0.24727  0.77541  0.560E-06  0.100E-03  pot  S   0.1000
        35  -0.944444   0.24743  0.77547  0.486E-06  0.871E-04  pot  S   0.1000
        36  -0.944446   0.24771  0.77553  0.422E-06  0.758E-04  pot  S   0.1000
        37  -0.944447   0.24806  0.77558  0.367E-06  0.661E-04  pot  S   0.1000
        38  -0.944447   0.24845  0.77562  0.320E-06  0.577E-04  pot  S   0.1000
        39  -0.944448   0.24884  0.77566  0.279E-06  0.504E-04  pot  S   0.1000
        40  -0.944448   0.24923  0.77569  0.243E-06  0.440E-04  pot  S   0.1000
        41  -0.944448   0.24960  0.77572  0.213E-06  0.385E-04  pot  S   0.1000
        42  -0.944448   0.24995  0.77574  0.186E-06  0.337E-04  pot  S   0.1000
        43  -0.944448   0.25027  0.77576  0.163E-06  0.296E-04  pot  S   0.1000
        44  -0.944448   0.25057  0.77578  0.143E-06  0.259E-04  pot  S   0.1000
        45  -0.944448   0.25083  0.77579  0.125E-06  0.228E-04  pot  S   0.1000
        46  -0.944448   0.25107  0.77580  0.110E-06  0.200E-04  pot  S   0.1000
        47  -0.944448   0.25127  0.77582  0.963E-07  0.176E-04  pot  S   0.1000
        48  -0.944448   0.25146  0.77583  0.846E-07  0.155E-04  pot  S   0.1000
        49  -0.944447   0.25162  0.77583  0.743E-07  0.136E-04  pot  S   0.1000
        50  -0.944447   0.25176  0.77584  0.653E-07  0.120E-04  pot  S   0.1000
        51  -0.944447   0.25189  0.77585  0.575E-07  0.105E-04  pot  S   0.1000
        52  -0.944447   0.25199  0.77585  0.506E-07  0.930E-05  pot  S   0.1000
        53  -0.944447   0.25208  0.77586  0.445E-07  0.820E-05  pot  S   0.1000
        54  -0.944447   0.25216  0.77586  0.392E-07  0.724E-05  pot  S   0.1000
        55  -0.944446   0.25223  0.77587  0.346E-07  0.639E-05  pot  S   0.1000
        56  -0.944446   0.25229  0.77587  0.305E-07  0.564E-05  pot  S   0.1000
        57  -0.944446   0.25234  0.77587  0.269E-07  0.499E-05  pot  S   0.1000
